name: sipprverse
channels:
- olcbioinformatics
- dranew
- conda-forge
- adamkoziol
- defaults
- r
- bioconda
- anaconda
dependencies:
- bbmap=38.22=h470a237_0
- bcftools=1.9=h4da6232_0
- blast=2.7.1=h4422958_6
- bowtie2=2.3.4.3=py35h2d50403_0
- confindr=0.4.1=py_0
- fastx_toolkit=0.0.14=hfc679d8_7
- htslib=1.9=hc238db4_4
- illumina-interop=1.1.4=hfc679d8_3
- libdeflate=1.0=h470a237_0
- libgtextutils=0.7=h470a237_4
- mash=2.0=gsl1.16_1
- perl-archive-tar=2.18=pl526_3
- perl-carp=1.38=pl526_1
- perl-compress-raw-bzip2=2.074=pl526hfc679d8_0
- perl-compress-raw-zlib=2.081=pl526h2d50403_0
- perl-data-dumper=2.161=pl526_2
- perl-encode=2.88=pl526_1
- perl-exporter=5.72=pl526_1
- perl-exporter-tiny=1.000000=pl526_0
- perl-extutils-makemaker=7.34=pl526_2
- perl-gd=2.68=pl526he941832_0
- perl-gdgraph=1.54=pl526_0
- perl-gdgraph-histogram=1.1=pl526_3
- perl-gdtextutil=0.86=pl526h470a237_4
- perl-io-compress=2.069=pl526hfc679d8_5
- perl-io-zlib=1.10=pl526_2
- perl-list-moreutils=0.428=pl526_1
- perl-list-moreutils-xs=0.428=pl526_0
- perl-parent=0.236=pl526_1
- perl-pathtools=3.73=h470a237_2
- perl-perlio-gzip=0.19=pl526h1341992_3
- perl-scalar-list-utils=1.45=pl526h470a237_3
- perl-test-more=1.001002=pl526_1
- perl-xsloader=0.24=pl526_0
- pysam=0.15.1=py35h0380709_0
- samtools=1.9=h46bd0b3_0
- seqtk=1.3=ha92aebf_0
- atomicwrites=1.2.1=py_0
- attrs=18.2.0=py_0
- biopython=1.72=py35_0
- boost=1.67.0=py35h3e44d54_0
- boost-cpp=1.67.0=h3a22d5f_0
- bzip2=1.0.6=h470a237_2
- ca-certificates=2018.8.24=ha4d7672_0
- cairo=1.14.10=0
- capnproto=0.6.1=hfc679d8_1
- certifi=2018.8.24=py35_1001
- click=6.7=py_1
- curl=7.61.0=h93b3f91_2
- cycler=0.10.0=py_1
- cython=0.28.5=py35hfc679d8_0
- dbus=1.13.0=h3a4f0e9_0
- expat=2.2.5=hfc679d8_2
- fontconfig=2.12.6=0
- freetype=2.8.1=hfa320df_1
- gettext=0.19.8.1=h5e8e0c9_1
- giflib=5.1.4=h470a237_1
- glib=2.55.0=h464dc38_2
- gmp=6.1.2=hfc679d8_0
- gnuplot=5.2.3=0
- gnutls=3.5.19=h2a4e5f8_1
- graphite2=1.3.12=hfc679d8_1
- gst-plugins-base=1.12.5=hde13a9d_0
- gstreamer=1.12.5=h61a6719_0
- harfbuzz=1.7.6=0
- icu=58.2=hfc679d8_0
- jpeg=9c=h470a237_1
- kiwisolver=1.0.1=py35h2d50403_2
- krb5=1.14.6=0
- libffi=3.2.1=hfc679d8_5
- libgcc=7.2.0=h69d50b8_2
- libgcc-ng=7.2.0=hdf63c60_3
- libgd=2.2.5=3
- libgfortran-ng=7.2.0=hdf63c60_3
- libiconv=1.15=h470a237_3
- libpng=1.6.34=ha92aebf_2
- libssh2=1.8.0=h5b517e9_2
- libstdcxx-ng=7.2.0=hdf63c60_3
- libtiff=4.0.9=he6b73bb_2
- libuuid=2.32.1=h470a237_2
- libwebp=0.5.2=7
- libxcb=1.13=h470a237_2
- libxml2=2.9.8=h422b904_5
- matplotlib=2.2.2=py35_1
- mkl_fft=1.0.6=py35_0
- mkl_random=1.0.1=py35_0
- more-itertools=4.3.0=py35_0
- ncurses=5.9=10
- nettle=3.3=0
- openssl=1.0.2p=h470a237_0
- pandas=0.23.4=py35hf8a1672_0
- pango=1.40.14=0
- pathlib2=2.3.2=py35_0
- patsy=0.5.0=py_1
- pcre=8.41=hfc679d8_3
- perl=5.26.2=h470a237_0
- pip=18.0=py35_1
- pixman=0.34.0=h470a237_3
- pluggy=0.7.1=py_0
- pthread-stubs=0.4=h470a237_1
- py=1.6.0=py_0
- pyparsing=2.2.1=py_0
- pyqt=5.6.0=py35h8210e8a_7
- pytest=3.8.1=py35_0
- python=3.5.5=1
- python-dateutil=2.7.3=py_0
- pytz=2018.5=py_0
- qt=5.6.2=7
- readline=7.0=0
- seaborn=0.9.0=py_0
- setuptools=40.4.0=py35_1000
- sip=4.18.1=py35hfc679d8_0
- six=1.11.0=py35_1
- sqlite=3.20.1=2
- statsmodels=0.9.0=py35_0
- tk=8.6.8=ha92aebf_0
- tornado=5.1.1=py35h470a237_0
- wheel=0.31.1=py35_1001
- xlsxwriter=1.1.1=py_0
- xorg-libxau=1.0.8=h470a237_6
- xorg-libxdmcp=1.1.2=h470a237_7
- xz=5.2.4=h470a237_1
- zlib=1.2.11=h470a237_3
- blas=1.0=mkl
- intel-openmp=2019.0=118
- mkl=2019.0=118
- numpy=1.15.0=py35h1b885b7_0
- numpy-base=1.15.0=py35h3dfced4_0
- openjdk=8.0.152=h46b5887_1
- scipy=1.1.0=py35hfc37229_0
- bcl2fastq=2.19.0=1
- boost_lib=1.54.0=1
- gsl=1.16=0
- geneseekr=0.1.8=py35h39e3cac_0
- olctools=0.4.7=py35_0
- sipprverse=0.0.76=py35h39e3cac_0
prefix: /home/adamkoziol/miniconda3/envs/sipprverse

